CALPUFF_SRC/TERREL/masaya.grd
DSAA
          91          55
   525.5942       615.5942    
   1294.739       1348.739    
   4.000000       1063.000    
[rows 0 to 35 of 55, columns 0 to 79 of 91]
4.0 4.0 4.0 4.0 4.0 4.0 4.0 4.0 4.0 4.0 4.0 4.0 4.0 4.0 4.0 4.0 4.0 4.0 4.0 4.0 4.0 4.0 4.0 4.0 4.0 4.0 4.0 4.0 4.0 4.0 4.0 4.0 4.0 4.0 4.0 4.0 4.0 4.0 7.0 16.0 49.0 27.0 35.0 44.0 47.0 49.0 59.0 58.0 67.0 69.0 96.0 112.0 62.0 102.5 105.0 99.0 110.0 129.0 149.0 170.0 159.0 170.0 195.5 215.0 217.0 225.0 205.0 176.0 182.0 178.0 171.0 164.0 148.5 158.0 156.0 146.0 153.0 113.0 96.0 96.0
4.0 4.0 4.0 4.0 4.0 4.0 4.0 4.0 4.0 4.0 4.0 4.0 4.0 4.0 4.0 4.0 4.0 4.0 4.0 4.0 4.0 4.0 4.0 4.0 4.0 4.0 4.0 4.0 4.0 4.0 4.0 4.0 4.0 4.0 4.0 4.0 4.0 10.0 16.0 32.0 36.0 32.0 38.0 52.0 57.0 65.0 64.0 70.0 74.0 79.0 105.0 99.0 76.0 84.0 88.0 91.0 99.0 106.0 123.0 136.0 136.0 158.0 161.5 199.0 201.0 208.0 200.0 174.0 158.0 158.0 149.0 142.0 135.0 126.0 121.0 122.0 111.0 101.0 97.0 94.0
4.0 4.0 4.0 4.0 4.0 4.0 4.0 4.0 4.0 4.0 4.0 4.0 4.0 4.0 4.0 4.0 4.0 4.0 4.0 4.0 4.0 4.0 4.0 4.0 4.0 4.0 4.0 4.0 4.0 4.0 4.0 4.0 4.0 4.0 9.5 11.5 12.0 16.0 36.0 32.5 35.0 42.5 62.0 61.2 62.5 68.5 77.0 80.5 86.0 96.0 112.0 104.5 113.0 107.7 128.0 110.5 116.5 119.0 128.0 136.5 139.0 144.5 179.2 189.0 197.0 220.5 270.5 209.0 172.5 164.0 156.5 149.0 134.0 124.0 119.0 113.0 108.0 102.0 96.0 96.0
4.0 4.0 4.0 4.0 4.0 4.0 4.0 4.0 4.0 4.0 4.0 4.0 4.0 4.0 4.0 4.0 4.0 4.0 4.0 4.0 4.0 4.0 4.0 4.0 4.0 4.0 4.0 4.0 4.0 4.0 4.0 4.0 4.0 11.0 22.0 20.0 21.0 55.0 38.0 36.0 60.0 53.0 55.0 72.5 67.0 76.0 84.0 96.0 101.0 110.0 138.0 125.0 130.0 135.0 159.0 145.0 146.0 149.0 148.0 151.0 160.0 172.0 196.5 210.0 231.0 216.0 232.0 219.0 196.0 188.0 175.0 164.0 147.0 135.5 126.5 121.5 117.0 112.0 106.0 103.5
4.0 4.0 4.0 4.0 4.0 4.0 4.0 4.0 4.0 4.0 4.0 4.0 4.0 4.0 4.0 4.0 4.0 4.0 4.0 4.0 4.0 4.0 4.0 4.0 4.0 4.0 4.0 4.0 4.0 4.0 4.0 4.0 7.0 20.0 22.0 27.0 36.0 38.0 39.0 63.0 71.0 58.0 68.0 80.5 76.0 87.0 92.0 108.0 114.0 118.0 130.0 152.0 147.0 165.0 183.0 190.0 172.0 171.0 170.0 177.0 192.0 198.0 212.5 222.0 233.0 235.0 242.0 228.0 219.0 211.0 200.0 182.0 165.0 154.0 145.0 137.0 130.0 124.0 119.0 116.0
4.0 4.0 4.0 4.0 4.0 4.0 4.0 4.0 4.0 4.0 4.0 4.0 4.0 4.0 4.0 4.0 4.0 4.0 4.0 4.0 4.0 4.0 4.0 4.0 4.0 4.0 4.0 4.0 4.0 4.0 4.0 7.0 11.0 24.5 28.0 47.0 43.0 37.0 67.0 84.0 69.0 66.0 80.0 84.0 88.0 97.0 104.0 125.0 125.0 132.0 148.0 155.0 173.0 180.0 189.0 197.0 200.0 203.0 204.0 211.0 220.0 236.0 235.0 244.0 249.0 255.0 255.0 246.0 237.0 230.0 214.0 195.0 181.0 169.0 160.0 150.0 146.0 140.0 129.0 122.0
4.0 4.0 4.0 4.0 4.0 4.0 4.0 4.0 4.0 4.0 4.0 4.0 4.0 4.0 4.0 4.0 4.0 4.0 4.0 4.0 4.0 4.0 4.0 4.0 4.0 4.0 4.0 4.0 4.0 4.0 13.0 20.0 20.0 24.0 45.0 43.0 53.0 55.0 84.0 82.0 73.0 78.0 90.0 87.5 99.0 109.0 130.0 154.0 153.0 143.0 158.0 181.0 194.5 210.0 222.0 225.0 231.0 237.0 236.0 246.0 247.0 263.0 260.0 264.0 269.0 273.0 277.0 268.0 261.0 248.0 232.0 217.0 201.0 181.0 175.0 166.0 164.0 151.0 139.0 130.0
4.0 4.0 4.0 4.0 4.0 4.0 4.0 4.0 4.0 4.0 4.0 4.0 4.0 4.0 4.0 4.0 4.0 4.0 4.0 4.0 4.0 4.0 4.0 4.0 4.0 4.0 4.0 4.0 4.0 18.0 22.0 24.0 28.0 34.0 66.0 50.0 58.0 84.0 87.0 79.0 80.0 90.0 96.0 101.5 118.0 119.0 151.0 175.0 163.0 162.0 172.0 204.0 222.0 236.0 247.0 256.0 260.0 267.0 267.0 273.0 280.0 291.0 290.5 294.0 294.0 297.0 301.0 292.0 283.0 268.0 258.0 240.0 221.5 201.0 190.0 183.0 171.0 157.0 144.0 140.0
4.0 4.0 4.0 4.0 4.0 4.0 4.0 4.0 4.0 4.0 4.0 4.0 4.0 4.0 4.0 4.0 4.0 4.0 4.0 4.0 4.0 4.0 4.0 4.0 4.0 4.0 4.0 9.0 13.0 22.0 26.0 31.0 32.0 42.5 62.0 60.0 77.0 64.0 74.0 83.0 92.0 98.0 104.5 125.0 137.0 135.0 162.0 189.0 187.0 207.0 209.0 226.0 251.0 262.0 271.0 283.0 293.0 297.0 300.0 306.0 317.0 321.0 320.0 320.0 321.0 317.0 324.0 316.0 307.0 292.0 282.0 266.0 237.0 218.0 209.0 194.0 182.0 167.0 152.0 151.0
4.0 4.0 4.0 4.0 4.0 4.0 4.0 4.0 4.0 4.0 4.0 4.0 4.0 4.0 4.0 4.0 4.0 4.0 4.0 4.0 4.0 4.0 4.0 4.0 4.0 4.0 4.0 13.0 16.0 20.0 29.0 34.0 40.0 50.5 60.0 76.0 87.0 78.0 75.0 84.0 93.0 104.0 116.5 129.0 158.0 160.0 174.0 202.0 221.0 229.0 255.0 262.0 283.0 294.0 306.0 311.0 323.0 327.0 330.0 335.0 345.0 351.0 351.0 345.0 345.0 338.0 346.0 337.0 328.0 318.0 301.0 292.0 261.0 249.0 237.0 218.0 197.0 181.0 166.0 161.0
4.0 4.0 4.0 4.0 4.0 4.0 4.0 4.0 4.0 4.0 4.0 4.0 4.0 4.0 4.0 4.0 4.0 4.0 4.0 4.0 4.0 4.0 4.0 4.0 4.0 4.0 4.0 18.0 18.0 18.0 28.0 44.0 47.0 52.0 69.0 83.0 96.0 85.0 86.0 94.0 104.0 109.0 127.0 139.0 167.0 186.0 204.0 223.0 246.0 260.0 281.0 293.0 312.0 329.0 332.0 344.0 352.0 359.0 362.0 370.0 379.0 382.0 380.5 374.0 373.0 365.0 362.0 359.0 348.0 335.0 327.0 314.0 285.5 266.0 249.0 236.0 216.0 193.0 179.0 177.0
4.0 4.0 4.0 4.0 4.0 4.0 4.0 4.0 4.0 4.0 4.0 4.0 4.0 4.0 4.0 4.0 4.0 4.0 4.0 4.0 4.0 4.0 4.0 4.0 4.0 4.0 4.0 23.0 23.0 24.0 42.0 36.0 51.0 60.0 79.0 81.0 90.0 101.0 101.0 109.0 117.0 116.0 140.0 160.0 172.0 206.0 228.0 247.0 269.0 287.0 297.0 321.0 339.0 359.0 367.0 373.0 378.0 387.0 399.0 403.0 415.0 410.0 406.5 405.0 401.0 397.0 382.0 384.0 370.0 359.0 343.0 330.0 301.5 278.0 259.0 248.0 225.0 199.0 194.0 198.0
4.0 4.0 4.0 4.0 4.0 4.0 4.0 4.0 4.0 4.0 4.0 4.0 4.0 4.0 4.0 4.0 4.0 4.0 4.0 4.0 4.0 4.0 4.0 4.0 4.0 4.0 18.0 30.0 30.0 33.0 50.0 62.0 76.0 70.5 73.0 82.0 86.0 99.0 113.0 121.0 141.0 138.0 156.5 179.0 200.0 230.0 252.0 275.0 294.0 310.0 331.0 337.0 366.0 388.0 397.0 399.0 410.0 416.0 429.0 431.0 438.0 440.0 433.5 434.0 425.0 424.0 407.0 395.0 388.0 379.0 356.0 335.0 301.0 277.0 256.0 247.0 227.0 223.0 211.0 213.0
4.0 4.0 4.0 4.0 4.0 4.0 4.0 4.0 4.0 4.0 4.0 4.0 4.0 4.0 4.0 4.0 4.0 4.0 4.0 4.0 4.0 4.0 4.0 4.0 4.0 13.5 26.5 40.5 42.5 48.5 70.5 84.0 90.0 87.0 91.0 93.0 98.5 107.5 130.0 136.0 156.0 158.0 171.5 204.0 229.0 250.0 274.0 295.0 318.0 338.0 356.0 363.0 392.0 415.0 422.0 435.0 437.0 442.0 460.0 462.0 466.0 466.0 466.0 464.0 445.0 446.0 423.0 411.0 399.0 387.0 364.0 343.0 303.5 281.0 270.0 251.0 245.0 238.0 223.0 216.0
4.0 4.0 4.0 4.0 4.0 4.0 4.0 4.0 4.0 4.0 4.0 4.0 4.0 4.0 4.0 4.0 4.0 4.0 4.0 4.0 4.0 4.0 4.0 4.0 17.0 25.0 48.0 61.0 55.0 66.0 69.0 88.0 95.5 100.0 106.0 112.0 113.0 124.0 136.0 162.5 163.0 190.0 206.0 229.0 255.5 279.5 302.0 326.5 353.5 377.0 396.0 413.0 430.5 454.0 464.5 476.0 478.0 488.0 496.0 505.0 513.0 513.5 507.5 494.0 475.5 464.5 446.5 434.0 421.0 406.5 383.0 355.0 305.8 285.5 281.0 274.5 258.0 257.5 247.0 229.0
4.0 4.0 4.0 4.0 4.0 4.0 4.0 4.0 4.0 4.0 4.0 4.0 4.0 4.0 4.0 4.0 4.0 4.0 4.0 4.0 4.0 4.0 4.0 8.5 23.0 40.0 44.0 52.0 103.0 70.0 67.0 78.0 82.0 101.0 109.0 123.0 125.0 143.0 151.0 156.0 189.0 186.0 242.0 280.0 288.0 310.0 340.0 363.0 385.0 407.0 428.0 449.0 466.5 494.0 502.0 513.0 523.0 537.0 533.0 550.0 552.0 555.0 543.0 519.0 502.0 484.0 469.0 455.0 440.0 421.0 402.0 365.0 322.0 310.0 298.0 286.0 280.0 273.0 263.0 254.0
4.0 4.0 4.0 4.0 4.0 4.0 4.0 4.0 4.0 4.0 4.0 4.0 4.0 4.0 4.0 4.0 4.0 4.0 4.0 4.0 4.0 4.0 4.0 14.0 32.0 35.0 46.0 81.0 92.0 113.0 82.0 86.0 90.0 94.0 102.0 120.0 132.0 153.0 176.0 172.0 196.0 213.0 245.0 296.0 321.0 334.0 364.0 380.0 414.0 432.0 445.0 472.0 497.5 522.0 539.0 549.0 551.0 564.0 562.0 572.0 579.0 570.0 558.0 527.0 506.0 499.0 488.0 474.0 459.0 445.0 407.0 373.0 343.5 326.0 315.0 305.0 297.0 289.0 282.0 269.0
4.0 4.0 4.0 4.0 4.0 4.0 4.0 4.0 4.0 4.0 4.0 4.0 4.0 4.0 4.0 4.0 4.0 4.0 4.0 4.0 4.0 4.0 7.0 24.0 38.0 42.0 55.0 75.0 76.0 99.0 118.0 98.0 91.0 102.0 119.0 128.0 137.0 149.0 179.0 210.0 218.0 229.0 258.5 312.0 337.0 366.0 383.0 411.0 432.0 464.0 479.0 497.0 530.5 560.0 560.0 577.0 584.0 583.0 589.0 593.0 593.0 587.0 570.0 521.0 507.0 499.0 489.0 480.0 470.0 456.0 417.0 391.0 366.5 347.0 336.0 321.0 310.0 312.0 303.0 295.0
4.0 4.0 4.0 4.0 4.0 4.0 4.0 4.0 4.0 4.0 4.0 4.0 4.0 4.0 4.0 4.0 4.0 4.0 4.0 4.0 4.0 6.0 12.0 32.0 37.0 60.0 81.0 64.0 75.0 99.0 129.0 107.0 104.0 115.0 128.0 137.0 149.0 161.0 171.0 223.0 247.0 258.0 286.5 314.0 360.0 387.0 407.0 435.0 463.0 488.0 510.0 534.0 561.5 563.0 588.0 592.0 601.0 604.0 614.0 613.0 618.0 606.0 573.0 519.0 510.0 497.0 488.0 482.0 476.0 463.0 431.0 410.0 389.0 370.0 360.0 346.0 328.0 333.0 325.0 318.0
4.0 4.0 4.0 4.0 4.0 4.0 4.0 4.0 4.0 4.0 4.0 4.0 4.0 4.0 4.0 4.0 4.0 4.0 4.0 4.0 7.0 14.0 33.0 51.0 54.0 86.0 80.0 103.0 90.0 123.0 128.0 115.0 123.0 132.0 160.0 151.0 161.0 176.0 194.0 192.0 230.0 283.0 305.0 350.0 364.0 400.0 433.0 462.0 481.0 514.0 534.0 559.0 586.5 578.0 601.0 607.0 619.0 626.0 634.0 635.0 630.0 610.0 552.0 512.0 497.0 485.0 480.0 474.0 484.0 474.0 445.0 431.0 410.5 400.0 384.0 367.0 348.0 345.0 345.0 344.0
4.0 4.0 4.0 4.0 4.0 4.0 4.0 4.0 4.0 4.0 4.0 4.0 4.0 4.0 4.0 4.0 4.0 4.0 4.0 13.0 14.0 19.0 40.0 51.5 70.0 78.0 107.0 102.0 127.0 133.0 130.0 138.0 147.5 144.0 179.0 184.0 177.0 193.0 218.0 234.0 233.0 266.0 330.0 360.0 400.0 411.0 442.0 488.0 503.0 514.0 555.0 578.0 607.0 612.0 627.0 638.0 644.0 647.0 655.0 649.0 616.0 583.0 544.0 503.0 484.0 476.0 473.0 468.0 481.0 478.0 460.0 449.0 432.0 421.0 414.0 401.0 375.0 374.0 372.0 377.0
4.0 4.0 4.0 4.0 4.0 4.0 4.0 4.0 4.0 4.0 4.0 4.0 4.0 4.0 4.0 4.0 4.0 4.0 13.0 22.0 22.0 41.0 52.0 54.5 77.0 99.0 113.0 128.0 145.0 141.0 139.0 148.0 172.5 176.0 168.0 195.0 210.0 213.0 226.0 265.0 289.0 268.0 330.0 385.0 405.0 441.0 464.0 499.0 533.0 557.0 563.0 608.0 635.0 645.0 659.0 671.0 667.0 662.0 654.0 636.0 594.0 569.0 536.0 483.0 476.0 465.0 463.0 464.0 476.0 475.0 467.0 457.0 450.5 443.0 447.0 446.0 424.0 408.0 301.0 290.0
4.0 4.0 4.0 4.0 4.0 4.0 4.0 4.0 4.0 4.0 4.0 4.0 4.0 4.0 4.0 4.0 4.0 10.0 15.0 22.0 32.0 39.0 46.0 57.0 87.0 104.0 104.0 123.0 128.0 141.0 145.0 158.0 188.0 204.0 187.0 186.0 203.0 233.0 251.0 273.0 295.0 323.0 330.5 391.0 423.0 461.0 483.0 518.0 544.0 583.0 605.0 636.0 669.0 683.0 688.0 683.0 669.0 654.0 636.0 614.0 585.0 561.0 521.0 478.0 468.0 451.0 448.0 459.0 471.0 470.0 461.0 453.0 458.5 470.0 481.0 485.0 354.0 206.0 106.0 88.0
4.0 4.0 4.0 4.0 4.0 4.0 4.0 4.0 4.0 4.0 4.0 4.0 4.0 4.0 4.0 4.0 9.0 11.0 16.0 32.0 46.0 39.0 48.0 65.5 88.0 87.0 105.0 117.0 128.0 141.0 152.0 166.0 201.0 217.0 225.0 202.0 213.0 227.0 265.0 289.0 318.0 332.0 370.5 378.0 432.0 465.0 504.0 547.0 578.0 603.0 636.0 673.0 710.5 720.0 709.0 687.0 665.0 645.0 627.0 599.0 576.0 554.0 512.0 473.0 462.0 435.0 431.0 454.0 464.0 470.0 453.0 435.0 440.5 464.0 503.0 517.0 280.0 86.0 78.0 78.0
4.0 4.0 4.0 4.0 4.0 4.0 4.0 4.0 4.0 4.0 4.0 4.0 4.0 4.0 4.0 4.0 12.0 16.0 20.0 36.0 37.0 49.0 52.0 65.0 77.0 91.0 104.0 112.0 121.0 127.0 141.0 157.0 179.0 220.0 247.0 254.0 272.0 278.0 264.0 294.0 325.0 357.0 391.0 429.0 443.0 486.0 524.0 555.0 590.0 623.0 668.0 717.0 751.5 744.0 712.0 690.0 664.0 629.0 605.0 578.0 566.0 541.0 493.5 454.0 430.0 412.0 403.0 434.0 444.0 448.0 433.0 404.0 415.5 444.0 492.0 556.0 314.0 86.0 78.0 78.0
4.0 4.0 4.0 4.0 4.0 4.0 4.0 4.0 4.0 4.0 4.0 4.0 4.0 4.0 4.0 4.0 12.0 22.5 33.5 34.5 35.5 40.5 57.0 72.5 73.0 82.0 91.5 104.0 125.5 137.5 141.5 153.0 205.2 223.5 232.5 249.0 278.5 302.5 316.0 325.0 340.5 361.0 409.8 459.0 481.0 518.0 550.5 584.5 623.0 669.0 707.0 758.0 781.5 741.0 732.0 711.0 677.0 649.0 607.0 582.0 578.0 545.0 514.5 471.0 450.0 373.0 362.0 385.0 412.0 393.0 390.0 369.0 398.0 422.0 457.0 484.0 353.0 98.0 78.0 78.0
4.0 4.0 4.0 4.0 4.0 4.0 4.0 4.0 4.0 4.0 4.0 4.0 4.0 4.0 4.0 6.0 17.0 25.0 29.0 34.0 37.0 47.0 63.5 66.0 76.0 81.0 90.0 99.0 112.0 124.0 148.0 151.0 188.5 232.0 249.0 261.0 278.0 293.0 307.0 334.0 366.0 389.0 427.0 489.0 522.0 554.0 597.0 619.0 673.0 718.0 763.5 820.0 803.0 784.5 760.5 754.0 722.0 682.5 656.5 645.5 613.0 575.0 540.0 511.5 466.0 387.5 310.0 290.0 303.5 277.0 276.5 295.2 341.5 362.0 380.5 388.5 365.0 241.0 165.0 118.0
4.0 4.0 4.0 4.0 4.0 4.0 4.0 4.0 4.0 4.0 4.0 4.0 4.0 4.0 4.0 9.0 14.0 17.0 23.0 39.0 45.0 63.0 66.5 67.0 70.0 75.0 84.0 91.0 100.0 109.0 147.0 165.0 189.5 226.0 243.0 281.0 304.0 312.0 324.0 334.0 356.0 386.0 446.0 498.0 525.0 569.0 608.0 661.0 694.0 723.0 826.0 848.0 808.5 793.0 787.0 770.0 732.0 720.0 677.0 632.0 563.0 478.0 450.5 449.0 446.0 353.0 305.0 259.0 182.0 135.0 124.0 180.0 291.0 300.0 311.0 312.0 308.0 299.0 289.0 270.0
4.0 4.0 4.0 4.0 4.0 4.0 4.0 4.0 4.0 4.0 4.0 4.0 4.0 4.0 9.0 16.0 16.0 30.0 33.0 43.0 56.0 59.0 76.0 88.0 80.0 82.0 90.0 100.0 106.0 113.0 124.0 139.0 181.0 218.0 260.0 289.0 310.0 328.0 354.0 362.0 370.0 385.0 440.5 507.0 545.0 588.0 627.0 664.0 726.0 787.0 850.0 824.0 783.0 760.0 698.0 654.0 664.0 638.0 589.0 592.0 522.0 487.0 447.0 406.0 377.0 355.0 326.0 239.0 192.0 154.0 124.0 153.0 255.0 268.0 283.0 290.0 278.0 273.0 255.0 240.0
4.0 4.0 4.0 4.0 4.0 4.0 4.0 4.0 4.0 4.0 4.0 4.0 4.0 4.0 18.0 23.0 16.0 25.0 32.0 46.0 43.0 58.0 78.0 84.0 91.0 84.0 91.0 101.0 109.0 118.0 128.0 140.0 162.0 194.0 215.0 272.0 297.0 338.0 361.0 380.0 401.0 416.0 446.0 506.0 549.0 595.0 642.0 686.0 747.0 834.0 863.0 841.0 801.5 707.0 689.0 635.0 542.0 555.0 516.0 484.0 499.0 499.0 486.0 463.0 430.0 415.0 374.0 285.0 215.0 166.0 126.0 153.0 242.0 253.0 267.0 267.0 259.0 242.0 224.0 213.0
4.0 4.0 4.0 4.0 4.0 4.0 4.0 4.0 4.0 4.0 4.0 4.0 4.0 7.5 41.0 20.0 22.0 23.0 29.0 39.0 43.0 49.0 63.5 79.0 69.0 83.0 94.0 96.0 104.0 115.0 133.0 142.0 166.0 185.0 214.0 238.0 272.0 290.0 327.0 375.0 409.0 439.0 474.0 530.0 562.0 608.0 653.0 710.0 763.0 860.0 883.0 863.0 802.5 739.0 604.0 533.0 475.0 427.0 435.0 436.0 447.0 491.0 527.5 402.0 469.0 498.0 423.0 306.0 217.0 173.0 133.0 156.5 243.0 252.0 255.0 250.0 239.0 215.0 194.0 183.0
4.0 4.0 4.0 4.0 4.0 4.0 4.0 4.0 4.0 4.0 4.0 4.0 4.0 15.5 37.0 12.0 26.0 27.0 36.0 38.0 38.0 45.0 55.0 63.0 67.0 75.0 82.0 87.0 102.0 114.0 125.0 147.0 168.0 193.0 214.0 241.0 264.0 286.0 308.0 356.0 401.0 441.0 489.0 541.0 578.0 624.0 669.0 714.0 776.0 872.0 900.0 869.0 805.5 720.0 675.0 592.0 486.0 429.0 400.0 399.0 407.0 440.5 330.0 379.0 487.0 520.0 528.0 301.0 217.0 177.0 137.0 199.0 245.0 249.0 247.0 238.0 230.0 202.0 174.0 165.0
4.0 4.0 4.0 4.0 4.0 4.0 4.0 4.0 4.0 4.0 4.0 4.0 4.0 15.5 16.0 14.0 20.0 23.0 32.0 38.0 45.0 52.0 56.5 65.0 70.0 79.0 86.0 93.0 101.0 114.0 127.0 141.0 169.5 196.0 209.0 233.0 261.0 306.0 327.0 349.0 392.0 430.0 498.5 554.0 597.0 636.0 684.0 740.0 785.0 863.0 914.0 899.0 836.0 763.0 668.0 592.0 556.0 408.0 370.0 367.0 384.0 384.5 305.0 349.0 390.0 394.0 373.0 298.0 240.0 209.0 170.0 216.5 266.0 252.0 246.0 231.0 223.0 196.0 162.0 149.0
4.0 4.0 4.0 4.0 4.0 4.0 4.0 4.0 4.0 4.0 4.0 6.0 11.0 30.5 17.0 19.0 17.0 20.0 29.0 29.0 38.0 39.0 56.0 60.0 65.0 74.0 82.0 88.0 100.0 118.0 120.0 135.0 169.0 190.0 216.0 240.0 259.0 286.0 317.0 354.0 383.0 420.0 482.0 558.0 610.0 647.0 695.0 735.0 799.0 812.0 809.0 864.0 865.5 781.0 712.0 640.0 504.0 398.0 353.0 334.0 353.0 392.0 305.0 315.0 317.0 303.0 298.0 285.0 272.0 247.0 222.0 217.0 226.0 250.0 254.0 240.0 234.0 204.0 166.0 143.0
4.0 4.0 4.0 4.0 4.0 4.0 4.0 4.0 4.0 52.0 13.0 6.0 25.0 32.0 15.0 25.0 30.0 23.0 38.0 30.0 32.0 42.0 48.5 58.0 64.0 79.0 87.0 101.0 123.0 127.0 139.0 145.0 154.5 176.0 194.0 229.0 260.0 281.0 317.0 347.0 382.0 423.0 491.5 552.0 597.0 644.0 693.0 753.0 754.0 738.0 754.0 766.0 831.5 832.0 754.0 630.0 528.0 482.0 350.0 317.0 319.0 356.0 297.0 287.0 296.0 285.0 279.0 278.0 273.0 232.0 215.0 209.5 214.0 242.0 254.0 242.0 219.0 203.0 168.0 142.0
4.0 4.0 4.0 4.0 4.0 4.0 4.0 4.0 4.0 54.0 9.0 18.0 20.0 11.5 16.0 22.0 34.0 26.0 36.0 41.0 34.0 36.0 45.0 56.0 67.0 76.0 84.0 96.0 131.0 154.0 160.0 162.0 169.0 183.0 204.0 215.0 250.0 295.0 325.0 359.0 394.0 429.0 486.0 559.0 601.0 656.0 706.0 741.0 696.0 681.0 696.0 709.0 722.5 741.0 763.0 709.0 589.0 477.0 363.0 314.0 291.0 313.5 312.0 280.0 294.0 287.0 277.0 273.0 237.0 210.0 206.0 201.5 217.0 239.0 242.0 234.0 213.0 190.0 163.0 140.0
